server.port=8082

sensor.id = 1002
sensor.latitude = 41.8919300
sensor.longitudine = 12.5113300

