sensor.id = 1000
sensor.latitude = 41.8919300
sensor.longitudine = 12.5113300

